-10 -100 0.289139
-9.79798 -96.0004 0.155154
-9.59596 -92.0824 0.802448
-9.39394 -88.2461 0.852485
-9.19192 -84.4914 0.0065359
-8.9899 -80.8183 0.977486
-8.78788 -77.2268 0.0402331
-8.58586 -73.717 0.468681
-8.38384 -70.2887 0.286157
-8.18182 -66.9421 0.113091
-7.9798 -63.6772 0.389293
-7.77778 -60.4938 0.074753
-7.57576 -57.3921 0.509452
-7.37374 -54.372 0.321222
-7.17172 -51.4335 0.997513
-6.9697 -48.5767 0.210189
-6.76768 -45.8014 0.496446
-6.56566 -43.1078 0.795718
-6.36364 -40.4959 0.304953
-6.16162 -37.9655 0.120988
-5.9596 -35.5168 0.370368
-5.75758 -33.1497 0.403608
-5.55556 -30.8642 0.715993
-5.35354 -28.6603 0.123387
-5.15152 -26.5381 0.39436
-4.94949 -24.4975 0.306754
-4.74747 -22.5385 0.245865
-4.54545 -20.6612 0.509449
-4.34343 -18.8654 0.319824
-4.14141 -17.1513 0.369621
-3.93939 -15.5188 0.933602
-3.73737 -13.968 0.0448417
-3.53535 -12.4987 0.976515
-3.33333 -11.1111 0.80296
-3.13131 -9.80512 0.131664
-2.92929 -8.58076 0.649067
-2.72727 -7.43802 0.460777
-2.52525 -6.3769 0.928212
-2.32323 -5.39741 0.498124
-2.12121 -4.49954 0.946686
-1.91919 -3.6833 0.815281
-1.71717 -2.94868 0.383436
-1.51515 -2.29568 0.364847
-1.31313 -1.72431 0.152921
-1.11111 -1.23457 0.801631
-0.909091 -0.826446 0.075958
-0.707071 -0.499949 0.963904
-0.505051 -0.255076 0.372564
-0.30303 -0.0918274 0.0749643
-0.10101 -0.010203 0.174424
0.10101 -0.010203 0.634437
0.30303 -0.0918274 0.366234
0.505051 -0.255076 0.834152
0.707071 -0.499949 0.175736
0.909091 -0.826446 0.630787
1.11111 -1.23457 0.0216072
1.31313 -1.72431 0.851881
1.51515 -2.29568 0.131921
1.71717 -2.94868 0.394569
1.91919 -3.6833 0.00728149
2.12121 -4.49954 0.592777
2.32323 -5.39741 0.987345
2.52525 -6.3769 0.898868
2.72727 -7.43802 0.188007
2.92929 -8.58076 0.343161
3.13131 -9.80512 0.145609
3.33333 -11.1111 0.998094
3.53535 -12.4987 0.00462974
3.73737 -13.968 0.982115
3.93939 -15.5188 0.0223484
4.14141 -17.1513 0.491029
4.34343 -18.8654 0.777186
4.54545 -20.6612 0.890277
4.74747 -22.5385 0.279569
4.94949 -24.4975 0.354322
5.15152 -26.5381 0.863775
5.35354 -28.6603 0.184996
5.55556 -30.8642 0.182509
5.75758 -33.1497 0.392698
5.9596 -35.5168 0.889144
6.16162 -37.9655 0.684862
6.36364 -40.4959 0.989815
6.56566 -43.1078 0.110803
6.76768 -45.8014 0.481171
6.9697 -48.5767 0.88478
7.17172 -51.4335 0.600772
7.37374 -54.372 0.724159
7.57576 -57.3921 0.118519
7.77778 -60.4938 0.425273
7.9798 -63.6772 0.671138
8.18182 -66.9421 0.180587
8.38384 -70.2887 0.500411
8.58586 -73.717 0.870032
8.78788 -77.2268 0.803634
8.9899 -80.8183 0.848476
9.19192 -84.4914 0.82499
9.39394 -88.2461 0.62795
9.59596 -92.0824 0.759615
9.79798 -96.0004 0.408682
10 -100 0.869459
