1.564672
1.577728
1.552576
1.549856
1.556928
1.388672
1.556896
1.554368
1.548288
1.569184
1.54624
1.578464
1.55744
1.56496
1.558528
1.57696
1.535392
1.581728
1.55856
1.45024
1.551968
1.563584
1.55792
1.548288
1.562624
1.552384
1.562624
1.551776
1.560192
1.554688
1.54624
1.550624
1.572864
1.386496
1.558528
1.5544
1.565184
1.572928
1.564032
1.559392
1.562624
1.562048
1.558528
1.538048
1.55504
1.5528
1.549728
1.556608
1.55232
1.55648
1.540416
1.566624
1.566816
1.56672
1.564672
1.54624
1.564672
1.54064
1.542144
1.555872
1.33552
1.544256
1.572864
1.552608
1.555424
1.570368
1.56816
1.40272
1.549728
1.569024
1.548256
1.559968
1.554816
1.54624
1.554432
1.545632
1.404928
1.584096
1.55792
1.55792
1.5552
1.570656
1.557376
1.530432
1.574912
1.558528
1.554848
1.56672
1.56672
1.545632
1.554432
1.558528
1.553408
1.554464
1.58496
1.621408
1.55648
1.548288
1.52624
1.555072
