0.896704
0.873888
0.886176
0.8704
0.896416
0.864416
0.892288
0.849312
0.897024
0.882112
0.863712
0.906944
0.876544
0.882912
0.860448
0.886176
0.849312
0.877984
0.853408
0.882272
0.882656
0.892736
0.850304
0.88624
0.859616
0.867872
0.869792
0.888832
0.906208
0.863648
0.882688
0.875968
0.862208
0.897024
0.903136
0.892928
0.856992
0.892416
0.834976
0.905216
0.868704
0.890272
0.83792
0.887648
0.862848
0.896416
0.8608
0.855456
0.866464
0.877088
0.907296
0.827392
0.897024
0.903328
0.916928
0.87184
0.901504
0.912192
0.886848
0.862208
0.88064
0.84256
0.898464
0.8704
0.899072
0.870368
0.918944
0.866496
0.892928
0.867744
0.89232
0.884128
0.890336
0.904608
0.845824
0.888192
0.837632
0.88064
0.88208
0.85776
0.884736
0.8616
0.888512
0.836256
0.900736
0.867712
0.888832
0.8616
0.880032
0.866304
0.899072
0.874624
0.884672
0.874816
0.915936
0.881376
0.88208
0.87184
0.895232
0.863104
