1.134592
0.949664
1.36336
1.3784
1.160608
1.400224
1.155072
1.372192
1.163264
1.137344
1.375648
1.140736
1.383808
1.159168
1.36608
1.163264
1.374464
1.144832
1.378304
1.142176
1.3824
1.159168
1.395232
1.133984
1.154752
1.170848
1.388544
1.134592
1.372928
1.157696
1.4056
1.135552
1.383104
1.36336
1.388544
1.140832
1.374208
1.129888
1.376224
1.411872
1.127776
1.376128
1.131936
1.3736
1.369504
1.1544
1.3824
1.151008
1.387904
1.3848
1.135456
1.382784
1.365824
0.950432
1.380352
1.175264
1.375648
1.142784
1.389024
1.134592
1.386496
1.131936
1.374144
1.375648
1.130528
1.155232
1.15952
1.385888
1.13856
1.378304
1.38384
1.133984
1.401856
1.165536
1.150624
1.391616
1.39616
1.128896
1.381792
1.151168
1.387776
1.148512
1.37856
1.13024
1.375648
1.150976
1.378304
1.134592
1.384608
1.134432
1.374208
1.138112
1.387264
1.140736
1.171584
1.383712
1.16784
1.140384
1.392096
1.151808
