0.854144
0.897024
0.882688
0.890752
0.910208
0.869792
0.91344
0.877216
0.88848
0.89232
0.905216
0.894368
0.899072
0.90256
0.88688
0.935328
0.855456
0.897024
0.859552
0.900768
0.884736
0.88064
0.879616
0.882336
0.899072
0.870048
0.882688
0.880032
0.879488
0.919552
0.884128
0.915104
0.847872
0.890272
0.897984
0.884128
0.891104
0.89232
0.887424
0.91136
0.88064
0.894368
0.8624
0.915872
0.860512
0.886496
0.874816
0.927744
0.900512
0.906656
0.878592
0.894368
0.888672
0.892864
0.86912
0.910912
0.884128
0.884672
0.897248
0.896672
0.872448
0.900512
0.880992
0.892928
0.876864
0.892544
0.876544
0.907264
0.870464
0.882688
0.874176
0.907808
0.913696
0.88208
0.89344
0.851968
0.897024
0.8616
0.888832
0.859552
0.90256
0.8848
0.892288
0.877984
0.88848
0.839744
0.890272
0.882688
0.888224
0.881024
0.837632
0.8928
0.874592
0.88064
0.927136
0.88208
0.904896
0.881184
0.90112
0.868128
