0.065215071	0.030769438	0.035906193	0.123898987	0.049306833	0.046629377	0.033139353	0.048071028	0.022375504	0.045517298
0.002410072	-0.007931424	0.018981178	0.01205101	-0.009030681	-0.022408699	0.007169638	-0.015245905	0.017291265	-0.028834493
-0.101641567	-0.117519314	-0.034970068	0.047084516	-0.05856497	-0.121157519	-0.02558961	-0.056663545	-0.071479413	-0.025540737
-0.019414324	0.013126224	-0.019011061	0.060882677	0.024499053	0.011011104	0.029948941	0.003527927	-0.003683429	-0.014737901
0.018475481	0.041311755	0.005191983	0.001082533	0.054863762	0.000299422	0.000569117	0.030325097	0.01376047	-0.017805191
0.211866966	0.122830197	0.185215903	-0.038154196	-0.12784064	-0.071098858	-0.080976876	-0.040541725	0.089461238	-0.050449699
0.004525722	0.026542807	0.000473534	-0.072642868	-0.014946351	-0.004807706	-0.003917461	-0.08097064	-0.008715888	-0.056781381
0.01019199	0.004523556	0.01577067	0.087707054	-0.029297664	0.02164813	0.007513978	0.012586202	0.005998246	0.012724554
-0.000805341	-0.016178256	-0.002440977	0.022113124	0.005342774	-0.022570558	0.01527373	0.002956832	-0.005848022	-0.007191967
0.000938885	-0.004459523	-0.017488289	0.007672873	-0.011759723	0.030641629	0.039615821	-0.028498961	-0.044707788	0.066088314
0.107350715	0.065431148	0.077535092	0.172958843	0.084089468	0.025501161	-0.013844138	0.105044981	0.084744306	0.014467544
0.030351217	0.015989452	0.026007074	0.041018107	-0.00151249	-0.008615256	0.001311522	-0.000522492	0.010062825	-0.005030736
-0.040598794	-0.018939033	0.006899776	-0.082630374	0.031514755	-0.074346488	0.030020382	-0.040132152	-0.006296044	-0.063266735
-0.069529795	-0.163808067	-0.21912276	0.190353466	-0.326702467	-0.38751762	-0.408907932	0	-0.156551919	-0.34610709
-0.004566059	0	0	-0.008664512	0	-0.076670266	0	-0.002022786	0	0
-0.026144947	-0.034845346	0.008802306	-0.086856145	0.020536983	-0.031284703	0.012086322	0.008717518	-0.034845346	0.001764132
-0.034941625	-0.052510055	-0.046646922	0.009912406	-0.059165063	-0.134255889	-0.077931232	-0.008186523	-0.047590587	-0.0932985
0.035253436	-0.144232254	-0.144232254	0.655143045	-0.144232254	-0.175267818	-0.144232254	0.065838123	-0.144232254	-0.144232254
-0.200304369	0.259743136	0.130064127	0.335305885	0.130064127	0.082880388	0.130064127	-0.06715703	0.186290243	0.335305885
0.016956388	0.028593922	0.062338312	0.097156283	0.054427483	0.05419314	0.076236889	-0.00436975	0.054253185	0.059947435
0	0.50581096	0.743922384	0	0	0.064360976	0	0	0	0
-0.012374046	-0.15698923	-0.15698923	-0.15698923	-0.15698923	0.045796095	-0.051691399	0	-0.15698923	-0.15698923
0.042794894	0.267096707	0.000182611	0.470022942	0.287177891	0.470022942	0.470022942	0.353511863	0.255965891	0
0.089992073	0.345634914	0.12504279	0.081906103	0.361795261	0.024696225	0.126620968	0.024696225	-0.199402221	0.361795261
-0.229610522	-0.132292577	-0.293916678	-0.229610522	-0.132292577	-0.351753445	-0.229610522	-0.29605093	-0.362723083	-0.132292577
0	0	0	0	0	0	0	0	0	0
-0.023669053	0.140690763	0.121075903	0.194185756	0.062215985	0.049052405	0.064192722	0.022045805	-0.024092644	0.05556802
-0.080940197	-0.044400109	0.004137324	-0.044400109	0.007940993	-0.044400109	-0.044400109	0.080945439	-0.044400109	-0.069843438
-0.065476536	0	0	0	0	0	0	0	0	-0.0630519
0	0	0	-0.031879706	0	0	0	0	-0.040147314	0
0	0	0	-0.044858664	0	0	0	0	0	0
0.202662097	0.046221751	0.202662097	0.202662097	0.202662097	-0.153122065	-0.118532358	0.509334942	-0.127554989	0.046221751
0.005524014	0.005524014	0.005524014	0.165034785	0.02843294	0.005524014	-0.015247246	0.005524014	0.001591866	0.005524014
0.077197301	0.077197301	0.077197301	-0.031119448	-0.033111442	0.077197301	0.077197301	0.077197301	0.077197301	-0.017680381
0	-0.057117358	0	-0.057117358	0	0	0	0	0	0
0.249838606	0.249838606	-0.054446461	0.249838606	0.028021748	0.249838606	0.23846973	0.249838606	0.109919571	-0.02900155
0	0	0	0	0	0	0	0	0	0
0	0	0	0	0	0	0	0	0	0
0	0	0	0	0	0	0	0	0	0
0	0	0	0	0	0	0	0	0	0
0	-0.000644911	0	-0.020337773	-0.041399604	0	0	-0.000644911	-0.000644911	0
-0.116848504	-0.107178198	-0.004020137	0.075249088	0	-0.003650879	-0.003650879	0.004940303	-0.107611133	-0.00205988
0.022936762	0.01450855	0.017149495	0.035842472	0.014466053	0.012177649	0.011831365	0.075285726	-0.007181023	-0.008298608
