1	1	 0.314595997334
1	2	 0.315391004086
1	3	 0.318204998970
1	4	 0.314420014620
1	5	 0.309112012386
1	6	 0.317883014679
1	7	 0.314462006092
1	8	 0.320874005556
1	9	 0.314054012299
1	10	 0.310918003321
1	11	 0.314157009125
1	12	 0.321097999811
1	13	 0.321918010712
1	14	 0.323630005121
1	15	 0.317328989506
1	16	 0.293258994818
1	17	 0.324999004602
1	18	 0.328263014555
1	19	 0.328812003136
1	20	 0.313915014267
2	2	 0.359326988459
2	4	 0.271874010563
2	6	 0.197551995516
2	8	 0.240151003003
2	10	 0.205450996757
2	12	 0.209429994226
2	14	 0.217592999339
2	16	 0.239327996969
2	18	 0.221890002489
2	20	 0.224726006389
2	22	 0.227919995785
2	24	 0.235277995467
2	26	 0.233616992831
2	28	 0.244495004416
2	30	 0.246240004897
2	32	 0.257142990828
2	34	 0.256927996874
2	36	 0.247733995318
2	38	 0.252476006746
2	40	 0.267522990704
3	3	 0.167958006263
3	6	 0.170146003366
3	9	 0.168884992599
3	12	 0.170467004180
3	15	 0.171850994229
3	18	 0.176834002137
3	21	 0.189901992679
3	24	 0.183304995298
3	27	 0.187288001180
3	30	 0.184617996216
3	33	 0.189779996872
3	36	 0.194401994348
3	39	 0.197449997067
3	42	 0.197504997253
3	45	 0.200464993715
3	48	 0.212246000767
3	51	 0.203255996108
3	54	 0.206888005137
3	57	 0.204938992858
3	60	 0.210927993059
4	4	 0.250169008970
4	8	 0.194113999605
4	12	 0.141166999936
4	16	 0.168037995696
4	20	 0.142588004470
4	24	 0.144673004746
4	28	 0.147434994578
4	32	 0.163137003779
4	36	 0.149802997708
4	40	 0.159476995468
4	44	 0.159660995007
4	48	 0.160837993026
4	52	 0.156224995852
4	56	 0.161728993058
4	60	 0.160071000457
4	64	 0.179588004947
4	68	 0.154428005219
4	72	 0.155331000686
4	76	 0.162374004722
4	80	 0.158665001392
5	5	 0.134954005480
5	10	 0.136645004153
5	15	 0.130997002125
5	20	 0.139649003744
5	25	 0.142552003264
5	30	 0.134002998471
5	35	 0.133419007063
5	40	 0.145528003573
5	45	 0.138642996550
5	50	 0.143751993775
5	55	 0.141755998135
5	60	 0.147094994783
5	65	 0.145229995251
5	70	 0.145502999425
5	75	 0.148128002882
5	80	 0.147700995207
5	85	 0.144523993134
5	90	 0.139120995998
5	95	 0.143103003502
5	100	 0.139677003026
6	6	 0.134533002973
6	12	 0.128948003054
6	18	 0.138339996338
6	24	 0.136155992746
6	30	 0.133156999946
6	36	 0.128464996815
6	42	 0.130554005504
6	48	 0.131070002913
6	54	 0.132262006402
6	60	 0.139526993036
6	66	 0.134902998805
6	72	 0.142103999853
6	78	 0.139081999660
6	84	 0.136277005076
6	90	 0.129997000098
6	96	 0.131697997451
6	102	 0.131577998400
6	108	 0.128113001585
6	114	 0.136138007045
6	120	 0.134757995605
7	7	 0.136443004012
7	14	 0.129352003336
7	21	 0.133624002337
7	28	 0.133258998394
7	35	 0.129334002733
7	42	 0.130192995071
7	49	 0.130520001054
7	56	 0.128383994102
7	63	 0.127388000488
7	70	 0.126595005393
7	77	 0.128818005323
7	84	 0.133439004421
7	91	 0.133339002728
7	98	 0.136066004634
7	105	 0.127088993788
7	112	 0.127263993025
7	119	 0.135202005506
7	126	 0.127225995064
7	133	 0.127186998725
7	140	 0.127565994859
8	8	 0.212459996343
8	16	 0.173563003540
8	24	 0.131641998887
8	32	 0.147854000330
8	40	 0.124765999615
8	48	 0.129112005234
8	56	 0.128827005625
8	64	 0.135197997093
8	72	 0.133643999696
8	80	 0.128447994590
8	88	 0.126008003950
8	96	 0.126969993114
8	104	 0.124052003026
8	112	 0.125866994262
8	120	 0.123544000089
8	128	 0.133340001106
8	136	 0.130281001329
8	144	 0.123571000993
8	152	 0.122492000461
8	160	 0.123672001064
9	9	 0.132278993726
9	18	 0.126852005720
9	27	 0.130919992924
9	36	 0.126848995686
9	45	 0.127776995301
9	54	 0.127561002970
9	63	 0.126873001456
9	72	 0.133939996362
9	81	 0.120125003159
9	90	 0.121018998325
9	99	 0.126595005393
9	108	 0.122470997274
9	117	 0.123057998717
9	126	 0.121293999255
9	135	 0.123186998069
9	144	 0.120249003172
9	153	 0.123925998807
9	162	 0.120929002762
9	171	 0.120529003441
9	180	 0.120572999120
10	10	 0.130236998200
10	20	 0.124617002904
10	30	 0.126041993499
10	40	 0.127384006977
10	50	 0.121670000255
10	60	 0.125603005290
10	70	 0.120035998523
10	80	 0.127399995923
10	90	 0.118183001876
10	100	 0.117325000465
10	110	 0.124301999807
10	120	 0.123986996710
10	130	 0.124191999435
10	140	 0.116480998695
10	150	 0.120067000389
10	160	 0.119478002191
10	170	 0.119840003550
10	180	 0.117293000221
10	190	 0.118049003184
10	200	 0.116876997054
11	11	 0.124518997967
11	22	 0.124596998096
11	33	 0.122896999121
11	44	 0.120502002537
11	55	 0.119437001646
11	66	 0.118008002639
11	77	 0.116360999644
11	88	 0.115915000439
11	99	 0.121040001512
11	110	 0.118679001927
11	121	 0.113108001649
11	132	 0.110048003495
11	143	 0.117900997400
11	154	 0.114703997970
11	165	 0.112664997578
11	176	 0.111171998084
11	187	 0.110996998847
11	198	 0.112051002681
11	209	 0.109136000276
11	220	 0.111396998167
12	12	 0.125980004668
12	24	 0.122813001275
12	36	 0.123561002314
12	48	 0.123536996543
12	60	 0.120823003352
12	72	 0.122493997216
12	84	 0.117735996842
12	96	 0.119791999459
12	108	 0.114869996905
12	120	 0.117637000978
12	132	 0.111970998347
12	144	 0.114183999598
12	156	 0.113826997578
12	168	 0.113371998072
12	180	 0.113434001803
12	192	 0.111529998481
12	204	 0.115491002798
12	216	 0.110605999827
13	13	 0.123663000762
13	26	 0.119989000261
13	39	 0.114376999438
13	52	 0.118248000741
13	65	 0.119166001678
13	78	 0.117218002677
13	91	 0.115189000964
13	104	 0.112553000450
13	117	 0.112603001297
13	130	 0.110979996622
13	143	 0.116516999900
13	156	 0.111608996987
13	169	 0.110596001148
13	182	 0.113208003342
13	195	 0.111193999648
13	208	 0.106293998659
13	221	 0.111536003649
14	14	 0.115070000291
14	28	 0.116205997765
14	42	 0.115194000304
14	56	 0.112696997821
14	70	 0.109053999186
14	84	 0.110921002924
14	98	 0.112466000021
14	112	 0.105539001524
14	126	 0.103834003210
14	140	 0.103226996958
14	154	 0.107313998044
14	168	 0.105267003179
14	182	 0.103965997696
14	196	 0.106899999082
14	210	 0.102199003100
14	224	 0.102716997266
15	15	 0.122882001102
15	30	 0.117434002459
15	45	 0.113536000252
15	60	 0.119488999248
15	75	 0.115342997015
15	90	 0.107706002891
15	105	 0.109006002545
15	120	 0.113643996418
15	135	 0.111637003720
15	150	 0.112103998661
15	165	 0.106170997024
15	180	 0.106101997197
15	195	 0.106811001897
15	210	 0.108557999134
15	225	 0.107663996518
16	16	 0.196042001247
16	32	 0.145228996873
16	48	 0.115474000573
16	64	 0.125986993313
16	80	 0.108104996383
16	96	 0.106459997594
16	112	 0.107362002134
16	128	 0.112728998065
16	144	 0.107088997960
16	160	 0.106890998781
16	176	 0.100910000503
16	192	 0.102347999811
16	208	 0.102500997484
16	224	 0.103304997087
17	17	 0.117614001036
17	34	 0.118514001369
17	51	 0.114248998463
17	68	 0.108657002449
17	85	 0.115850999951
17	102	 0.110344998538
17	119	 0.110274001956
17	136	 0.108483001590
17	153	 0.105517998338
17	170	 0.111460998654
17	187	 0.113632999361
17	204	 0.110449999571
17	221	 0.106476001441
18	18	 0.125973999500
18	36	 0.125057995319
18	54	 0.122856996953
18	72	 0.115074999630
18	90	 0.110297001898
18	108	 0.114156998694
18	126	 0.111051999032
18	144	 0.110376000404
18	162	 0.117688998580
18	180	 0.113854996860
18	198	 0.105475999415
18	216	 0.098338000476
19	19	 0.118569999933
19	38	 0.113499999046
19	57	 0.126782998443
19	76	 0.116729997098
19	95	 0.111547999084
19	114	 0.106283999979
19	133	 0.102984003723
19	152	 0.101884000003
19	171	 0.100372999907
19	190	 0.107001997530
19	209	 0.103244997561
20	20	 0.119764000177
20	40	 0.119460001588
20	60	 0.113941997290
20	80	 0.111152999103
20	100	 0.106210999191
20	120	 0.116502001882
20	140	 0.114058002830
20	160	 0.104843996465
20	180	 0.107436999679
20	200	 0.101943001151
20	220	 0.101047001779
21	21	 0.119658000767
21	42	 0.120601996779
21	63	 0.112083002925
21	84	 0.122918002307
21	105	 0.117284998298
21	126	 0.113070003688
21	147	 0.112171001732
21	168	 0.116875998676
21	189	 0.115891002119
21	210	 0.113075003028
22	22	 0.114128001034
22	44	 0.124683000147
22	66	 0.116264000535
22	88	 0.105011999607
22	110	 0.117357999086
22	132	 0.099146999419
22	154	 0.109480999410
22	176	 0.098071001470
22	198	 0.104956999421
22	220	 0.100798003376
23	23	 0.130241006613
23	46	 0.121418997645
23	69	 0.122585996985
23	92	 0.110645003617
23	115	 0.112946003675
23	138	 0.117817997932
23	161	 0.121017001569
23	184	 0.111767999828
23	207	 0.112382002175
24	24	 0.116249002516
24	48	 0.121569998562
24	72	 0.142434000969
24	96	 0.130279004574
24	120	 0.126283004880
24	144	 0.103444002569
24	168	 0.142115995288
24	192	 0.109682001173
24	216	 0.099858000875
25	25	 0.138898998499
25	50	 0.127892002463
25	75	 0.160291999578
25	100	 0.123199999332
25	125	 0.106222003698
25	150	 0.112209998071
25	175	 0.136975005269
25	200	 0.159147992730
25	225	 0.111033998430
26	26	 0.116347000003
26	52	 0.130311995745
26	78	 0.107678003609
26	104	 0.104782998562
26	130	 0.100501999259
26	156	 0.102854996920
26	182	 0.099420003593
26	208	 0.098112002015
27	27	 0.112775996327
27	54	 0.113540999591
27	81	 0.108396999538
27	108	 0.100149996579
27	135	 0.101901002228
27	162	 0.103848002851
27	189	 0.095794998109
27	216	 0.105792000890
28	28	 0.109369002283
28	56	 0.108915001154
28	84	 0.111644998193
28	112	 0.097529001534
28	140	 0.100703001022
28	168	 0.103753998876
28	196	 0.104497998953
28	224	 0.100800998509
29	29	 0.117334999144
29	58	 0.110881000757
29	87	 0.119727998972
29	116	 0.102518998086
29	145	 0.100479997694
29	174	 0.101728998125
29	203	 0.103180997074
30	30	 0.120577000082
30	60	 0.118850998580
30	90	 0.119222998619
30	120	 0.110570997000
30	150	 0.107827998698
30	180	 0.098518997431
30	210	 0.115689001977
31	31	 0.194263994694
31	62	 0.191697001457
31	93	 0.187086001039
31	124	 0.113297998905
31	155	 0.194864004850
31	186	 0.162741005421
31	217	 0.106528997421
32	32	 0.202461004257
32	64	 0.170049995184
32	96	 0.159944996238
32	128	 0.152381002903
32	160	 0.150062993169
32	192	 0.192500993609
32	224	 0.159968003631
33	33	 0.199925005436
33	66	 0.199064001441
33	99	 0.209934994578
33	132	 0.180635005236
33	165	 0.195728003979
33	198	 0.120350003242
34	34	 0.208288997412
34	68	 0.179837003350
34	102	 0.125283002853
34	136	 0.160661995411
34	170	 0.200699001551
34	204	 0.198835000396
35	35	 0.208853006363
35	70	 0.132826000452
35	105	 0.193439006805
35	140	 0.170144006610
35	175	 0.174617007375
35	210	 0.110786996782
36	36	 0.211320996284
36	72	 0.206809997559
36	108	 0.150658994913
36	144	 0.162239998579
36	180	 0.204060003161
36	216	 0.156397998333
37	37	 0.193656995893
37	74	 0.205542996526
37	111	 0.116763003170
37	148	 0.151860997081
37	185	 0.190007001162
37	222	 0.140204995871
38	38	 0.147903993726
38	76	 0.220724001527
38	114	 0.210438996553
38	152	 0.200929999352
38	190	 0.136151999235
39	39	 0.178304001689
39	78	 0.202609002590
39	117	 0.173170998693
39	156	 0.218564003706
39	195	 0.199883997440
40	40	 0.220546007156
40	80	 0.186853006482
40	120	 0.177572995424
40	160	 0.200054004788
40	200	 0.184110999107
41	41	 0.226675003767
41	82	 0.156303003430
41	123	 0.208074003458
41	164	 0.222235992551
41	205	 0.220982998610
42	42	 0.187661007047
42	84	 0.193388000131
42	126	 0.180256992579
42	168	 0.216919004917
42	210	 0.112915001810
43	43	 0.148900002241
43	86	 0.220926001668
43	129	 0.164235994220
43	172	 0.218299001455
43	215	 0.205519005656
44	44	 0.133065998554
44	88	 0.174832001328
44	132	 0.189741000533
44	176	 0.215528994799
44	220	 0.220837995410
45	45	 0.209009006619
45	90	 0.213249996305
45	135	 0.238949000835
45	180	 0.219621002674
45	225	 0.139568001032
46	46	 0.188999995589
46	92	 0.219769999385
46	138	 0.243154004216
46	184	 0.161267995834
47	47	 0.231901004910
47	94	 0.188991993666
47	141	 0.217235997319
47	188	 0.181408002973
48	48	 0.133274003863
48	96	 0.135679006577
48	144	 0.141102999449
48	192	 0.210841000080
49	49	 0.179406002164
49	98	 0.229522004724
49	147	 0.217696994543
49	196	 0.222760006785
50	50	 0.129428997636
50	100	 0.202947005630
50	150	 0.124139003456
50	200	 0.231291994452
51	51	 0.187257006764
51	102	 0.147521004081
51	153	 0.186892002821
51	204	 0.169486999512
52	52	 0.121274001896
52	104	 0.143466994166
52	156	 0.140072003007
52	208	 0.110509999096
53	53	 0.131134003401
53	106	 0.128119006753
53	159	 0.116158001125
53	212	 0.095453999937
54	54	 0.135552003980
54	108	 0.102944999933
54	162	 0.118096001446
54	216	 0.104385003448
55	55	 0.125489994884
55	110	 0.126692995429
55	165	 0.109932996333
55	220	 0.097012996674
56	56	 0.106013000011
56	112	 0.099568001926
56	168	 0.117495998740
56	224	 0.124568000436
