4096	0.000047246582 	0.000001239258 	2048	0.000009844380 	0.000000202187 	1	1	1	0	1	2048

4096	0.000053280273 	0.000002390137 	4096	0.000023470938 	0.000000112897 	1	1	1	0	1	4096

6144	0.000050837728 	0.000002393555 	4096	0.000015455311 	0.000000084904 	1	1	1	0	1	4096

8192	0.000051290894 	0.000002385132 	4096	0.000014498502 	0.000000073503 	1	1	1	0	1	4096

8192	0.000071986084 	0.000002977051 	5120	0.000013023680 	0.000000056390 	1	1	1	0	1	5120

8192	0.000073781616 	0.000003567749 	6144	0.000013141541 	0.000000068733 	1	1	1	0	1	6144

8192	0.000094422852 	0.000004159790 	7168	0.000013817105 	0.000000071834 	1	1	1	0	1	7168

8192	0.000059618408 	0.000004748657 	8192	0.000013158535 	0.000000183210 	1	1	1	0	1	8192

9216	0.000061810764 	0.000004748806 	8192	0.000013225758 	0.000000191295 	1	1	1	0	1	8192

10240	0.000062281543 	0.000004743066 	8192	0.000011967145 	0.000000178759 	1	1	1	0	1	8192

11264	0.000060587003 	0.000004736062 	8192	0.000010699481 	0.000000172124 	1	1	1	0	1	8192

12288	0.000062740234 	0.000004734538 	8192	0.000009545062 	0.000000157250 	1	1	1	0	1	8192

13312	0.000061338642 	0.000004732121 	8192	0.000009394183 	0.000000136552 	1	1	1	0	1	8192

14336	0.000061478097 	0.000004731934 	8192	0.000008854312 	0.000000124630 	1	1	1	0	1	8192

15360	0.000062056771 	0.000004742318 	8192	0.000008080581 	0.000000131618 	1	1	1	0	1	8192

16384	0.000059897644 	0.000004742126 	8192	0.000007441062 	0.000000142913 	1	1	1	0	1	8192

4096	0.000006863525 	0.000001219482 	2048	0.000002292400 	0.000000367405 	1	0	1	1	0	4096

4096	0.000012066650 	0.000002405762 	4096	0.000016191381 	0.000000252125 	1	0	1	1	0	4096

6144	0.000011437826 	0.000002391927 	4096	0.000008893426 	0.000000163743 	1	0	1	1	0	6144

8192	0.000011255127 	0.000002386353 	4096	0.000011622349 	0.000000143824 	1	0	1	1	0	8192

8192	0.000013699585 	0.000002972046 	5120	0.000010794831 	0.000000177016 	1	0	1	1	0	8192

8192	0.000016082642 	0.000003561401 	6144	0.000013874587 	0.000000188283 	1	0	1	1	0	8192

8192	0.000018628052 	0.000004151245 	7168	0.000013154129 	0.000000216054 	1	0	1	1	0	8192

8192	0.000021113159 	0.000004741455 	8192	0.000013916397 	0.000000205259 	1	0	1	1	0	8192

9216	0.000021046007 	0.000004738498 	8192	0.000010856595 	0.000000183510 	1	0	1	1	0	9216

10240	0.000020867969 	0.000004750488 	8192	0.000010631172 	0.000000168264 	1	0	1	1	0	10240

11264	0.000020968129 	0.000004750266 	8192	0.000009667654 	0.000000150154 	1	0	1	1	0	11264

12288	0.000020758952 	0.000004749756 	8192	0.000009011369 	0.000000152271 	1	0	1	1	0	12288

13312	0.000020866662 	0.000004732572 	8192	0.000007875789 	0.000000149255 	1	0	1	1	0	13312

14336	0.000020712542 	0.000004731236 	8192	0.000006888962 	0.000000139814 	1	0	1	1	0	14336

15360	0.000020779818 	0.000004747005 	8192	0.000006524601 	0.000000142486 	1	0	1	1	0	15360

16384	0.000020701599 	0.000004746826 	8192	0.000005969712 	0.000000127800 	1	0	1	1	0	16384


